Hello World
32439 16322 7300
29188 6319 6144
23622 6167 16825
22492 7124 26288
13601 6677 19209
17900 28391 2643
21981 3392 23280
10712 28248 20246
12137 11176 16185
27689 14550 26911
13028 1061 27477
2056 19592 22864
4620 1039 29129
12902 3975 11580
9134 4272 14436
4443 22143 21017
28413 8429 15507
8403 15387 15503
23977 8007 2742
19156 508 23911
17429 14966 14205
251 21822 13875
4954 12597 21933
14085 7448 8782
16188 14317 30792
17719 21301 17810
5736 27559 24642
15659 28726 14010
19610 20579 12241
12295 29952 3926
30629 11434 6642
29031 13789 14856
20269 30375 16339
4898 18660 8202
32265 17843 5412
1839 13588 27295
12277 32709 19464
30014 7550 22206
22785 19622 2420
23678 3778 26569
27310 26213 4182
16926 24922 24457
23124 9002 20555
16599 12959 13411
948 30962 368
2537 27576 13679
10632 26207 5764
3812 9698 3391
22335 15613 24968
11406 22335 21295
21080 3553 3429
18643 21717 121
29436 30414 19577
7640 30560 26188
30779 11352 3030
